
7595 1 16                               
9964 2 20                               
1905 3 5                                
803 4 1                                 
4550 5 11                               
3056 6 9                                
8053 7 18                               
2191 8 6                                
1314 9 3                                
5591 10 12                              
1262 11 2                               
7986 12 17                              
9110 13 19                              
5887 14 13                              
2282 15 7                               
2823 16 8                               
1858 17 4                               
3705 18 10                              
6468 19 14                              
7487 20 15                              

A                                       B

check solved: 0
